0,406
0,405
36,3
36,2
0,404
36,1
36,0
0,403
0,402
0,401
0,400
0,399
0,398
0,397
0,396
0,395
0,394
0,393
0,392
0,391
35,6
35,5
35,4
35,3
35,2
0,390
35,1
35,0
0,389
0,388
34,4
34,3
34,2
34,1
34,0
33,5
33,4
33,3
33,2
33,1
33,0
32,4
32,3
32,2
32,1
32,0
0,387
0,386
31,4
31,3
31,2
31,1
31,0
0,385
30,7
30,6
30,5
30,4
30,3
30,2
30,1
30,0
0,384
29,4
29,3
29,2
29,1
29,0
28,7
28,6
28,5
28,4
28,3
28,2
28,1
28,0
27,6
27,5
0,273
0,270
27,4
27,3
27,2
27,1
27,0
0,319
0,318
26,3
26,2
26,1
26,0
0,317
0,316
0,283
0,243
25,3
25,2
0,9
25,1
25,0
3,1
3,3
10,168
